User,Reter,Comment,Votes,Time,Count
@叛逆行为艺术,,本来是喜剧，看着看着单身狗的我 就哭了,12606,2019-09-22 15:16,2
@王嘉尔喜欢的辣妹,,为什么酸酸的,9561,2019-09-22 15:20,1
@夕阳红活动中心,,很开心红红学会了一招，发现用不上  哈哈,4501,2019-09-22 15:20,2
@慕汝之声,,啊，男人都是大猪蹄子实锤了。,3301,2019-09-22 15:21,1
@PinKikki,,后边沙发上趴着的玩具狗子像极了此刻的我,2233,2019-09-22 15:26,1
@-锦鲤阝-,,妈妈的手好嫩嗷，肯定被家里两个老爷们宠着吧,1692,2019-09-22 16:41,1
@不知道改什么名字的茉离,,妈妈虽然没得吃但还是笑得好开心,1176,2019-09-22 17:19,1
@SuperRiho,,图片评论 评论配图,368,2019-09-22 15:16,1
@少X翔,,好羡慕这样的家庭,378,2019-09-22 17:02,1
@JoyeeLONG,,什么神仙爱情,274,2019-09-22 15:32,1
@澳门街跨境商城,,图片评论 评论配图,154,2019-09-22 17:26,1
@米鴨雞,,看完了想哭,57,2019-09-22 16:28,1
@夕阳红活动中心,,来源： 评论配图,48,2019-09-22 17:09,2
@HAKUNA_ta,,？？！我进来是看螃蟹吃法的，不是恰,27,2019-09-22 20:55,1
@Cigaaaaar,,笑容僵在脸上,24,2019-09-22 17:58,1
@一枚甜豆包儿,,太可爱了吧我的天,20,2019-09-22 17:54,1
@我最爱芝芝莓果了,,这个妈还喝可乐,3,2019-09-22 16:24,1
@不见二三年,,学到了，等一个男朋友和我一起吃,2,2019-09-22 21:03,1
@停在半空中的安妮,,好幸福哇,0,2019-09-23 14:08,2
@花花世界裡限量版的花花蝴蝶,,@你仰起脸笑得像满月,0,2019-09-23 14:05,1
@吃明治的三三,,@三水啊三水呀,0,2019-09-23 06:37,1
@耳东醉花,,我是真进来看螃蟹的,0,2019-09-23 00:36,1
@圣母病久治不愈,,,0,2019-09-23 00:23,1
@爱追剧滴花痴小抽疯,,,0,2019-09-22 21:35,2
@像一声叹息,,爸爸好可爱,0,2019-09-22 21:18,2
@wishper林,,@唐唐-995 ,0,2019-09-22 20:34,1
@一支新月队伍,,@深海渔男,0,2019-09-22 20:18,1
@咖喱咖喱小土豆,,哈哈哈哈哈哈 酸酸的//@夕阳红活动中心:很开心红红学会了一招，发现用不上  哈哈,0,2019-09-22 20:17,1
@非非知识小宇宙,,,0,2019-09-22 20:09,1
@超级无敌女神菁,,@一枚仙女阿 虽然没吃到，可脸上满是笑容,0,2019-09-22 18:28,1
@奶油葡萄呐,,@DedochtervanNeko,0,2019-09-22 17:05,1
@吃下去便便就涌出来,,学会了@请别夸我好看,0,2019-09-22 16:54,1
@GOSED,,@Hoso-,0,2019-09-22 16:26,1
@你不要阴阳怪气的哦,,哈哈哈哈哈哈哈哈哈哈哈哈爸爸好坏呀,0,2019-09-22 16:22,2
@sisc0n,,@那我先回家吃饭了 学会了,0,2019-09-22 16:10,1
@咋还吃,,@孑槑-,0,2019-09-22 16:07,1
@穿千鸟格小裙子的烤面筋,,太过分了哈哈哈哈哈哈哈,0,2019-09-22 15:58,1
@是坚果的麻麻,,螃蟹最近是不是买热搜了，总是螃蟹上热搜呢？,2,2019-09-22 21:33,1
@Salvation_H,,这蟹咋做的，看着好好吃,3,2019-09-22 20:14,1
@一心只蹦圣贤迪Yann,,@何为其然也123,1,2019-09-26 22:37,1
@中国民族博览杂志社,,哈哈哈哈哈哈哈 大叔一看就是发自内心的笑,1,2019-09-25 14:06,15
@有毒吧什么昵称都不能用,,,0,2019-09-23 00:11,1
@情话告白,,余生太长了不要寄太多奢望不负相遇,1,2019-09-22 23:33,2
@PBBBH,,我为什么点进来？,1,2019-09-22 23:25,1
@丸子把小卜变出来,,妈妈是不是在喝可乐！,1,2019-09-22 23:23,3
@温柔的姝姝姝,,@暴躁的尼尼尼 ,1,2019-09-22 23:22,1
@周杰伦今天戒掉奶茶了吗,,快手看多了……,1,2019-09-22 22:15,2
@williamsu_,,酸了个唧唧de,1,2019-09-22 22:15,1
@一挽清愁呀,,@拿巧乐兹换老婆 哈哈哈，这是狗粮嘛,1,2019-09-22 21:54,1
@小皮卡蛋,,好酸,1,2019-09-22 21:14,1
@山今_小言,,,1,2019-09-22 20:42,1
@晨稀不是曦,,,1,2019-09-22 20:40,3
@一只啵狸,,好幸福呀,1,2019-09-22 20:08,1
@南征北战执念,,有螃蟹用你教怎么吃吗,1,2019-09-22 20:06,1
@祖国绿萝VV,,@SsinzZ,1,2019-09-22 19:42,1
@黴丵,,我男朋友也让我把手交叉起来被他握住 然后…他…他疯狂的挠我痒痒,1,2019-09-22 19:00,1
@勿念桑甚,,太逗了哈哈哈哈哈,1,2019-09-22 17:39,1
@一颗荔枝味的草莓,,唉，又没螃蟹吃又酸,0,2019-10-13 17:09,1
@少儿频道小股东,,学到了！！！！！！,0,2019-10-02 07:30,1
@痣多星樊某,,大老爷们怪可爱的哈 查看图片,0,2019-09-29 12:45,1
@A--白黑灰,,老不休的,0,2019-09-29 01:26,1
@iu6-,,@X1228M_66,0,2019-09-26 01:19,1
@魔法学徒的中二病,,@吾乃魔法学徒,0,2019-09-23 23:39,2
@一三7九_,,@嘉鑫爱吃夹心饼干,0,2019-09-23 21:27,1
@诞鸽咯咯歌,,好酸啊,0,2019-09-23 17:12,1
@小里予饼,,@逆风bright,0,2019-09-23 15:28,2
@大头撑伞,,@在路上的厉小害 ,0,2019-09-23 12:22,1
@一缸子炒肉68237,,@piano琦,0,2019-09-23 10:26,2
@是蓝色芥末,,我酸了,0,2019-09-23 09:36,1
@人是全人是全人是全,,@吃瓜群众向同学,0,2019-09-23 08:02,1
@Tic-toc777,,妈妈还喝可乐,0,2019-09-22 23:38,1
@李憨憨宝宝哦,,猝不及防一波狗粮,0,2019-09-22 23:37,1
@沙雕网友忽然路过,,我留下了快乐得罪眼泪,0,2019-09-22 23:33,1
@黄一旺,,请赐我一个这样类型的老公吧,0,2019-09-22 23:29,2
@大大大大大当家啊,,……博主不安安静静躺在我的土味关注列表里，居然出现在榜单里了？？,0,2019-09-22 23:26,1
@十点半啦,,好玩，国庆回去坑我爸去,0,2019-09-22 23:20,1
@iJaan,,@颓废__X,0,2019-09-22 23:09,1
@微醺蜜桃_,,@旺仔牛奶资深粉丝 ,0,2019-09-22 23:06,1
@黄-钰婷,,刚和男朋友试了一下，只要用力就能脱手,0,2019-09-22 22:58,1
@壹粒麗,,@倒數心淡,0,2019-09-22 22:16,1
@林懋芩,,@Sun鹿鹿呀 啊啊啊,0,2019-09-22 22:06,1
@大灰狼尾巴大,,图片评论 评论配图,0,2019-09-22 22:06,1
@darlene_JZ,,@Kobepac,0,2019-09-22 22:05,1
@cowardbear,,哈哈哈哈哈哈哈哈哈好可爱,0,2019-09-22 21:11,1
@IamYafan,,哈哈哈,0,2019-09-22 21:08,1
@豆猫猫猫猫猫,,我学会了，等一个实验对象,0,2019-09-22 21:06,1
@张锦猪猪猪,,是什么样的勇气让我这个花季美少女看到这种场面,0,2019-09-22 20:29,1
@3柏拉图的永恒17,,@笑忘浮夸 好皮的老爸。,0,2019-09-22 20:27,1
@有懿思,,妈妈这声“爸爸”叫的，太嗲了,0,2019-09-22 20:24,1
@一只大涨子,,@孙粘粘呀,0,2019-09-22 20:22,1
@CherxMo,,@我就是想换一个微博名字 好幸福啊啊@withbesty,0,2019-09-22 19:57,1
@爱思小达,,目瞪狗呆,0,2019-09-22 19:54,1
@蚊二二二,,再这样的家庭肯定很开心,0,2019-09-22 19:48,1
@我喜欢可乐_,,@一猫酱,0,2019-09-22 19:39,1
@庄亦锋,,可爱,0,2019-09-22 19:18,1
@阿肘子子子子,,@Westbrook小迷妹 老了以后你和我,0,2019-09-22 18:58,1
@狂躁症的大妞子,,@_WaitAlone,0,2019-09-22 18:49,3
@_差不多就行了吧,,@店小二来碗月亮,0,2019-09-22 18:40,1
@居一猫君,,那个 能不能把你手指上的给我舔舔,1,2019-09-22 18:30,1
@戈派禾子精,,真的好可爱哈哈哈,0,2019-09-22 18:21,1
@秦大河hhhhhhhhhhh,,@多垚多垚 ,0,2019-09-22 18:10,1
@南方有木初长成丶,,@一个L两个Y- 笑死什么鬼哈哈哈,0,2019-09-22 18:09,1
@蛋奶星星__,,@可可味滋滋__ 原来是这样,0,2019-09-22 17:50,1
@吃个虫,,@会跳舞的猫goddess,0,2019-09-22 17:33,1
@糖醋排骨炖竹鼠,,@肥啾拥护者,0,2019-09-22 17:21,2
@Mask1014,,@春小爷,0,2019-09-22 17:19,1
@我是欧皇皇呀,,@生无可恋天天学英语的狗钰钰,0,2019-09-22 17:13,1
@量量的小宝贝,,@嗦粉加个蛋,0,2019-09-22 17:11,1
@想跟你一块睡到流哈喇子,,@嘎吱嘎吱脆G,0,2019-09-22 17:00,1
@新猿结衣,,哈哈哈哈哈哈哈哈@崔_Dada,0,2019-09-22 16:54,1
@金小小妹Y,,@思密达涛 你吃螃蟹就不能这么吃,0,2019-09-22 16:53,1
@一小撮甜,,@龙口组铭哥,0,2019-09-22 16:51,1
@猪圈不值得,,@極黑彩,0,2019-09-22 16:40,1
@白纸上面有一个人,,@今朝un,0,2019-09-22 16:03,1
@你没有我可爱哦,,@张铝-,0,2019-09-22 15:59,1
@爱吃不吃鱼_,,@野蛮粗暴的馒头,0,2019-09-22 15:59,1
@来罐杏仁露,,@樱花_树夏,0,2019-09-22 15:58,1
@喜气崽,,被甜到了,1,2019-09-22 15:56,1
@hobi酥,,哈哈哈哈哈@原来是张浥尘啊,0,2019-09-22 15:48,1
@_甜甜酱-,,@大然菌_,0,2019-09-22 15:44,1
@一缸子炒肉68237,,试试？@鹿儿团团,0,2019-09-22 15:34,2
@不会洗菜,,学到了哈哈哈哈哈哈哈哈哈哈哈哈,0,2019-09-22 15:32,1
@予她ii,,@爱吃草莓的兔子-,0,2019-09-22 15:29,1
@Whiskeyers,,好甜啊哈哈哈哈哈而且我好想吃,0,2019-09-22 15:26,1
@安安同学你好,,@夏二萌_Reloaded 就那样把指头插起来？？,0,2019-09-22 15:19,1
@小迷糊糖糖,,@V__zn,1,2019-09-23 08:30,1
@谢大可爱的啾啾怪,,@谭居居的啾啾怪,1,2019-09-23 00:29,1
@1AmNotUrbAbeee,,@-山竹超人c @-WWWOLF,1,2019-09-22 22:42,1
@秋刀鱼的十一月,,@黄焖少年 我教你吃螃蟹,1,2019-09-22 22:00,1
@FF_阿婕啊,,@娃儿朋友,1,2019-09-22 21:13,2
@酶一,,@酭一,1,2019-09-22 20:54,1
@想戒奶茶的黄鱼,,@非典型工科生日常,1,2019-09-22 19:38,1
@吃了香菇就想哭,,@Mayday枫漓,1,2019-09-22 18:21,1
@还要继续努力阿,,@Narancin,1,2019-09-22 18:01,1
@CatalpaG,,整这么多事儿干嘛？单身的可以用两只手随便吃,1,2019-09-22 15:21,1
@阿白的两仪野菜,,@阿琛的日月白白 ,0,2019-10-21 11:36,3
@Eva_hh,,@桑荞Sancho 我笑死,0,2019-10-09 15:03,1
@DrinkTheCat-,,@Sommerfrische-,0,2019-10-08 12:11,1
@丹-_-_,,@我爱微积分的,0,2019-09-28 12:04,1
@关川四,,@阿曾陶,0,2019-09-27 23:14,2
@BP酱,,@Lam-Sai-wing,0,2019-09-26 18:41,1
@小炸炸鸟,,@姿势胜者,0,2019-09-25 23:54,1
@最后一片褪黑素,,这螃蟹把我看饿了,0,2019-09-25 20:44,1
@叫幺幺,,@-穿着白衣的小鬼 学到了,0,2019-09-25 11:02,1
@独酌望天涯深崽的啊小怪,,哈哈哈哈哈//@叛逆行为艺术:本来是喜剧，看着看着单身狗的我 就哭了,0,2019-09-25 00:37,1
@界之尧玉,,有趣的灵魂,0,2019-09-25 00:24,1
@宫城_良田_,,哈哈哈能陪伴到老才是最幸福的,0,2019-09-24 23:19,1
@_萌范儿_,,@张十月呢 哈哈哈,0,2019-09-24 20:46,1
@胡萝卜榨菜包丶,,有爱,0,2019-09-24 17:57,1
@溪源萍萍,,干嘛呢干嘛呢，有没有王法啦，公开撒狗粮,0,2019-09-24 16:02,1
@大牌折扣特卖菌,,@带我去喝冰可乐,0,2019-09-24 14:06,1
@绿丹尼,,@今日大麻在身,0,2019-09-24 13:07,1
@66小铃铛66,,这位爸爸好坏啊哈哈哈哈哈,0,2019-09-24 10:54,1
@我梁非凡,,@罗杰琛- 嘻嘻嘻,0,2019-09-24 02:47,1
@虾啊余,,@啊小猪-,0,2019-09-24 02:35,1
@陈正气,,@闹闹闹米,0,2019-09-24 00:55,1
@蓝色怪兽,,@亓菠萝,0,2019-09-23 23:15,1
@面瘫少女狒狒,,@尹震Medria,0,2019-09-23 18:50,1
@困的死,,@CHAIyyuan,0,2019-09-23 17:27,1
@养只通通好吗,,@让我康康名字能取多长,0,2019-09-23 16:42,1
@Morron_Luv12AFA,,@也是花花啊,0,2019-09-23 16:31,1
@不若旧时矣,,@快乐的皮皮马,0,2019-09-23 16:08,2
@元气少女Ann_,,哈哈哈哈哈哈@绪方理奈_ 感觉是你会做的事儿！,0,2019-09-23 15:26,1
@GavinHT,,@小三小九小二七,0,2019-09-23 15:03,1
@猫的孤屿,,@小卷毛丶强无敌,0,2019-09-23 13:59,1
@9cccx,,@雨的思念时代,0,2019-09-23 13:44,1
@义气侠女,,@美满一里,0,2019-09-23 13:03,1
@间接性抑郁成疾,,羡慕死了啊,0,2019-09-23 12:58,1
@糯米帅过吴彦祖,,@QueenniE_cc,0,2019-09-23 12:34,1
@黄YOYOhuangyoyo,,我只想说，那个螃蟹看起来好像真的好吃,0,2019-09-23 11:50,1
@阿麻想变成芝士面包,,@徐一只- 我笑死了 你快这样搞毕节,0,2019-09-23 11:45,1
@你是我的鳖,,好可爱的爸爸啊,0,2019-09-23 11:11,1
@薛定谔的猪蹄蹄,,@好好不好笑,0,2019-09-23 11:09,1
@小根号号,,@何望轻舟过重山,0,2019-09-23 10:52,1
@咚咚咚第几个故事,,@转角撞了南墙,0,2019-09-23 10:44,1
@Gracia-高雨嘉,,哎呀,0,2019-09-23 10:36,1
@木子凌啊,,你在乎过我的感受吗，不你没有 评论配图,0,2019-09-23 10:23,1
@啊L_I_N,,哈哈哈哈哈哈哈哈哈大坏蛋！@enreV,0,2019-09-23 10:22,1
@外焦里莉,,@Z-张了了,0,2019-09-23 10:21,1
@请叫我罗大忽悠,,@Michael方,0,2019-09-23 10:21,1
@-哈噜哈噜-,,@我的库里呀·,0,2019-09-23 09:54,1
@917TOANTARCTICA,,学到了，找个人试一下,0,2019-09-23 09:52,1
@拾柒岁半哇,,柠檬精了,0,2019-09-23 09:41,2
@徐先森和索姐姐,,@索小姐姐,0,2019-09-23 09:28,1
@尹吹思挺,,@是好的还不是最好的,0,2019-09-23 09:17,1
@山楂杀手,,@西皮武士,0,2019-09-23 09:06,1
@不如大家都滚蛋吧,,@马猴烧酒成步堂,0,2019-09-23 08:37,1
@港岛北北,,@李宜邦,0,2019-09-23 08:27,1
@shabaobeir,,@小年5232-王点点,0,2019-09-23 08:26,1
@Atmosphere_____,,@羊啊OoO_,0,2019-09-23 08:12,1
@厄瓜多尔和圭亚那,,学到了，接下来就是找到一对手了,0,2019-09-23 08:07,1
@莓莓星河探险家,,@hey_young_blood 学会祈祷,0,2019-09-23 07:56,1
@我想多了,,@郭小彬-sesame  哈哈哈哈哈,0,2019-09-23 07:47,1
@妈妈说用心爱就会很精彩,,@妈妈说爱黄彦就会很精彩,0,2019-09-23 07:43,1
@郭老师的关门弟子郭靖,,@韵哥_,0,2019-09-23 07:34,1
@Emilia_D,,@那一缕阳光_Y 学会了,0,2019-09-23 07:26,1
@橘子味de波子汽水,,@一份忧郁的老北京鸡肉卷 哈哈哈哈哈哈哈哈哈哈哈哈,0,2019-09-23 07:16,1
@江天暮雪07,,,0,2019-09-23 06:55,1
@王馨RRRui,,@CrbPANG,0,2019-09-23 06:06,1
@我是钟离啊751,,我不爱吃,0,2019-09-23 05:28,1
@迦南边缘,,@Aylaaaaaa 学会了，跟谁用呢,0,2019-09-23 05:22,1
@二毛喜欢羊羊,,图片评论 评论配图,0,2019-09-23 04:43,2
@陈啊陈啊辰,,好可爱,0,2019-09-23 04:13,1
@张小宁不小了,,@心跳呼吸正常__,0,2019-09-23 03:23,1
@你耳朵啊,,@耳朵听话就行,0,2019-09-23 03:15,1
@咪咔将军,,@烦恼斗士电鸟 学到了,0,2019-09-23 03:13,1
@不喜欢上班嘎,,@bene小明,0,2019-09-23 03:07,1
@黑天肝到破晓,,,0,2019-09-23 03:06,1
@松松不抽烟,,一个字概括我看完之后的感受 “呵~” 评论配图,0,2019-09-23 03:03,1
@踏山非子,,@韩心慕雪,0,2019-09-23 02:45,1
@WiFi1023,,哈哈哈哈,0,2019-09-23 02:25,1
@MilaQ1015,,超甜,0,2019-09-23 02:00,2
@MilaQ1015,,好 sweet ....,0,2019-09-23 01:59,2
@吃饭机器是我,,这@Bonnie是崽崽,0,2019-09-23 01:42,1
@正版柒染,,@她与喧嚣灬,0,2019-09-23 01:38,1
@扼杀在心里,,@猪肉怡要当瘦肉怡,0,2019-09-23 01:27,1
@我真是蟑螂恶霸,,@PlayHulk,0,2019-09-23 01:14,1
@·Kirakira_,,原来螃蟹还可以这么吃,0,2019-09-23 01:05,1
@Bessylin·,,@添行者,0,2019-09-23 00:58,1
@岳岳617,,@Lspeng-,0,2019-09-23 00:52,1
@-林屿森-,,是人看的？,0,2019-09-23 00:51,1
@洋昱洋昱我是土豆,,@土豆土豆我是洋昱,0,2019-09-23 00:51,1
@哦我不是西风,,@新垣结衣第2333号老婆 哈哈哈哈哈哈,0,2019-09-23 00:48,1
@那回早栗卍,,哈哈哈哈可爱,0,2019-09-23 00:47,2
@何西烛,,真好,0,2019-09-23 00:40,1
@麻倉Mizuki,,用不上@TIANYINGbb 评论配图,0,2019-09-23 00:39,1
@芸芸微光2015,,好温馨,0,2019-09-23 00:38,1
@可可托海的春天呀,,@九温暖,0,2019-09-23 00:37,1
@4号Yottachad,,是几十年后的我了,0,2019-09-23 00:29,1
@Lily_二逗姐姐,,@神奇冯仔 哈哈哈哈哈哈,0,2019-09-23 00:28,1
@小羊昂昂昂,,爱有双重魔力,0,2019-09-23 00:23,1
@NWNVVNWMN,,笑着笑着单身狗的我就哭鸟～,0,2019-09-23 00:20,1
@aaafra,,@桥豆麻呆毛 大猪蹄,0,2019-09-23 00:17,1
@流泪卡比文,,@周游游since1991 哈哈哈哈哈哈哈,0,2019-09-23 00:16,1
@-机智的羊,,手里的辣条突然就不香了,0,2019-09-23 00:16,1
@阿拉蕾女跑者,,,0,2019-09-23 00:12,1
@云凝翎猫猫,,男人都是大猪蹄子,0,2019-09-23 00:11,1
@十一月的新友,,@杜瑀垚 新技能你get到了么,0,2019-09-23 00:11,1
@热心网友彭于晏,,@貧民窟里的貧窮女孩,0,2019-09-23 00:08,1
@princess_91,,哈哈哈,0,2019-09-23 00:06,1
@一路走马随处可栖,,这样 评论配图,0,2019-09-23 00:05,1
@Lin淮,,@CandiceQY,0,2019-09-23 00:01,1
@Nico-KJK,,哈哈哈哈哈哈哈哈哈哈哈笑着笑着就,0,2019-09-23 00:00,1
@六六lllll,,@lustt1_,0,2019-09-22 23:59,1
@钮钴禄·鄧穆,,@56m国森,0,2019-09-22 23:59,1
@Bomm哔哔-,,@折原,0,2019-09-22 23:54,1
@ferrymanjan,,@Zqyuuu,0,2019-09-22 23:53,1
@想要请假去渡劫,,这个螃蟹感觉真的好好吃,0,2019-09-22 23:50,1
@xxxibgdrgny,,@弋厶yisi,0,2019-09-22 23:49,1
@一个小学girl,,@TarrentsMo,0,2019-09-22 23:46,1
@免检爆竹,,@-Charlotte呦-,0,2019-09-22 23:43,1
@416号时光机丶,,高，实在是高,0,2019-09-22 23:41,1
@暴走小肥球,,我晕这也太……可爱了吧,0,2019-09-22 23:39,1
@July7654321,,@王biu_biu呢,0,2019-09-22 23:37,2
@王小二de江湖,,妥妥的被撒狗粮,0,2019-09-22 23:37,2
@日落西山暮斜阳,,好羡慕,0,2019-09-22 23:36,1
@王小二de江湖,,,0,2019-09-22 23:36,2
@慕乡空谷,,笑容逐渐僵硬～～～,0,2019-09-22 23:35,3
@是高懂事呀,,爸爸好会,0,2019-09-22 23:34,1
@拉丁美洲的鲸鱼是小提米的飞飞呀,,@报告长官我想吃大白兔奶糖 哈哈哈,0,2019-09-22 23:32,1
@想吃芒果慕斯蛋糕,,@北语语语,0,2019-09-22 23:32,1
@小黑兔吃火锅吗,,呜呜呜呜呜呜呜好可爱的父母啊,0,2019-09-22 23:31,1
@火锅涮涮涮毛肚,,学会了@你是哪条鱼啊,0,2019-09-22 23:29,1
@llUuuY,,@Rhym鄭鄭 我哈哈哈哈哈,0,2019-09-22 23:29,1
@赖汤汤,,哈哈哈哈哈哈爸爸也太可爱啦！！,0,2019-09-22 23:28,1
@涵养与文化并存,,@八千里寒 @榆鱼宇芋 @灬其名为鲲,0,2019-09-22 23:26,1
@保准老斯基,,mark！,0,2019-09-22 23:25,2
@_Sikaaaaa,,牛逼,0,2019-09-22 23:25,1
@小马儿同学啊,,为什么我觉得很甜 评论配图,0,2019-09-22 23:16,1
@芺弖,,好甜,0,2019-09-22 23:15,1
@-罗罗雅-,,,0,2019-09-22 23:14,1
@夏目萌子,,@张大毛豆儿 好可爱哈哈哈哈,0,2019-09-22 23:12,1
@皮皮皮皮宝va,,@何欣嵘-,0,2019-09-22 23:12,1
@想要找哈哈的呵呵,,太可爱了,0,2019-09-22 23:07,1
@哎不呀小妮,,@爱橘少女某S,0,2019-09-22 23:07,1
@中年老哥,,@芒果很忙也很黄,0,2019-09-22 23:06,1
@反派狙击手,,@十年寒窗圆我带专梦,0,2019-09-22 23:05,1
@1mhooourxxiii,,@反人类社会,0,2019-09-22 23:04,1
@波糯树喂,,@大波糯喂,0,2019-09-22 23:03,2
@Emmaseat,,@睡饱饱了呀,0,2019-09-22 23:03,1
@我是Azarias,,@阿莎尼亚,0,2019-09-22 23:02,1
@驰易张,,图片评论 评论配图,0,2019-09-22 23:02,1
@微胖症患者,,@七个七个六,0,2019-09-22 23:01,1
@腾飞的黄桃罐头,,@-是不是我- 以后我能用上,0,2019-09-22 23:00,1
@咕噜咕噜鱼丸子,,@不为了- 男人，过分,0,2019-12-09 15:54,2
@人精小展Yogurt,,@是展狗 哈哈哈哈哈哈哈哈哈太好玩了,0,2019-11-25 16:54,2
@NAN南南南朋友,,”,0,2019-11-24 16:37,2
@莹妹,,@做宝可梦的水獭 笑死我了,0,2019-11-16 02:45,2
@煜迦Crack,,@曺曺曺-,0,2019-11-09 08:43,2
@大树下的店长爷爷,,@拍粉语言,0,2019-10-31 12:45,2
@ouyang的大大哥,,@Bube婕呀_ @今天又懒得嗦粉,0,2019-10-21 22:21,2
@嘻嘻名字已被占,,.,0,2019-10-21 21:51,2
@阿白的两仪野菜,,@阿琛的日月白白 ,0,2019-10-21 11:36,3
@咕噜咕噜鱼丸子,,@不为了- 男人，过分,0,2019-12-09 15:54,2
@人精小展Yogurt,,@是展狗 哈哈哈哈哈哈哈哈哈太好玩了,0,2019-11-25 16:54,2
@NAN南南南朋友,,”,0,2019-11-24 16:37,2
@莹妹,,@做宝可梦的水獭 笑死我了,0,2019-11-16 02:45,2
@煜迦Crack,,@曺曺曺-,0,2019-11-09 08:43,2
@大树下的店长爷爷,,@拍粉语言,0,2019-10-31 12:45,2
@ouyang的大大哥,,@Bube婕呀_ @今天又懒得嗦粉,0,2019-10-21 22:21,2
@嘻嘻名字已被占,,.,0,2019-10-21 21:51,2
@阿白的两仪野菜,,@阿琛的日月白白 ,0,2019-10-21 11:36,3
@精神洁癖怪,,@春日邮递员_ 哈哈哈哈哈哈哈哈哈哈哈,0,2019-10-21 01:50,1