User,Reter,Comment,Votes,Time,Count
@大厨希希,,不夸张讲，佳容是和李若彤，周慧敏一般女性深深烙在我等心里，和那些妖艳货不一样，好看，祝您身体健康，开开心心！,30,2019-09-18 18:01,1
@Inshairstyles,,,16,2019-09-18 18:45,1
@是杨文静啊,,没错没错 瘦的人穿床单都好看,18,2019-09-18 18:08,1
@MISSYOU东哥,,你已经够瘦了大美妞,15,2019-09-18 18:03,1
@努力搬砖的泡泡,,女神你已经很美啦,14,2019-09-18 19:01,1
@赤山险峰,,女神，最近怎么不直播了，我们粉丝都很想看你直播呢@吕佳容Kelsey,9,2019-09-18 18:10,2
@你已被提出该群,,感觉瘦了穿什么都好看了,5,2019-09-18 19:00,1
@晴川的,,美,5,2019-09-18 18:02,4
@梦的紫色梦境,,,1,2019-09-19 06:47,1
@玉泡泡lucky,,姐姐你已经很瘦了好吧,3,2019-09-18 19:00,1
@赵丽颖颖宝颖火虫的铁粉,,对啊，同意,0,2019-09-18 17:54,1
@上帝宠儿LMJ,,美美哒～,0,2019-09-18 17:53,1
@淡而浅笑,,佳容姐说的没错首先要瘦 评论配图,0,2019-09-18 21:29,1
@再沦陷一百次9,,已经这么瘦了真的不能再瘦了这样挺好看的 评论配图,0,2019-09-18 21:28,1
@超爱旅游的小吃货,,小姐姐看上去蛮不错的。颜值太高了特别喜欢 评论配图,0,2019-09-18 21:28,1
@十年酒夏a,,小姐姐，真好看，看了你自卑心爆棚了,0,2019-09-18 19:14,1
@不是柠檬是草莓啊,,说的太对了，身材好的人穿什么都是行走的衣架子,1,2019-09-18 19:02,1
@小芹的水煮西蓝花,,穿什么都好看是因为长的太美了,0,2019-09-18 19:00,1
@爱吃松果的小熊,,下巴p过油了,1,2019-09-20 21:45,1
@用户不一样的昵称,,吕佳容真是肤白貌美大长腿的仙女姐姐,1,2019-09-18 21:36,1
@圆圆吖sky,,所以你是觉得自己还不瘦吗,1,2019-09-18 19:00,2
@想你gu1234567,,不穿衣服更好看,0,2019-09-28 08:02,2
@小陈爱吃货,,我不信，你瘦不瘦，都好看,0,2019-09-21 11:08,1
@回到最初的微笑,,你还不够瘦？,0,2019-09-20 23:18,1
@奶盖呀奶盖y,,但是五官好看就算不太瘦也会好看 主要是气质,0,2019-09-18 21:28,1
@团子和闹闹,,古力娜扎……,0,2019-09-18 19:36,1
@可爱妈妈的日常,,同意！漂亮的人穿什么都好看,0,2019-09-18 19:25,1
@一坨Sabrina,,真的是我喜欢的类型，演技也喜欢//@大厨希希:不夸张讲，佳容是和李若彤，周慧敏一般女性深深烙在我等心里，和那些妖艳货不一样，好看，祝您身体健康，开开心心！,0,2019-09-18 19:25,2
@一坨Sabrina,,短发女生我的最爱，还有就是你已经很瘦了,0,2019-09-18 19:24,2
@爱生活爱甜甜_,,是这么个事情,0,2019-09-18 19:23,2
@爱生活爱甜甜_,,你就够瘦了，已经很好看了,0,2019-09-18 19:23,2
@我想吃干炸里脊,,你长的好看呀！不要太在意别人的眼光了，做自己就好//@大厨希希:不夸张讲，佳容是和李若彤，周慧敏一般女性深深烙在我等心里，和那些妖艳货不一样，好看，祝您身体健康，开开心心！,0,2019-09-18 19:01,1
@圆圆吖sky,,就是啊，不让人活了,0,2019-09-18 19:01,2
@真真真的要努力呀,,真的是够瘦了！！//@MISSYOU东哥:你已经够瘦了大美妞,0,2019-09-18 19:00,2
@Hel_zy,,的确的确，我也要变瘦，瘦瘦瘦,0,2019-09-18 19:00,1
@真真真的要努力呀,,你为什么可以这么瘦！还这么好看！,0,2019-09-18 19:00,2
@泪眼迷了谁的初心,,真的是太惊艳了呀！美女呀！,0,2019-09-18 19:00,1
@钢琴王子川川,,,0,2019-09-18 18:28,1
@暗皇陵天,,你怎样都好看,0,2019-09-19 17:54,1
@啪嚓啪嚓啪,,喜欢短发和单马尾的女生   你已经很瘦了,0,2019-09-18 21:28,1
@无敌美女战队,,确实是这样佳容穿什么都好看呢！,0,2019-09-18 20:51,2
@无敌美女战队,,佳容已经是很瘦了，还要怎么瘦呢！很美了！,0,2019-09-18 20:49,2
@亿乔K,,明珠姐姐，多更博哦！@吕佳容Kelsey ,0,2019-09-18 18:40,1
@娱乐大朋,,我要照顾你小仙女,0,2019-11-27 21:43,3
@星樱桃辰,,乔任梁,0,2019-09-19 20:06,1
@娱乐大朋,,我要照顾你小仙女,0,2019-11-27 21:43,3
@陳鴻同學·,,吕昂胖多 吕昂胖多 吕昂胖多 吕昂胖多  吕昂胖多 吕昂胖多  吕昂胖多 吕昂胖多 吕昂胖多 吕昂胖多 吕昂胖多 吕昂胖多 吕昂胖多 吕昂胖多 吕昂胖多 吕昂胖多  吕昂胖多 吕昂胖多  吕昂胖多 吕昂胖多 吕昂胖多 吕昂胖多 吕昂胖多 吕昂胖多,0,2019-11-27 19:10,2
@Mogul佩恩,,好美,0,2019-11-02 21:41,2
@酒酿樱桃红cherry,,不帮李小璐澄清了？觉得你脸比马苏更疼吧,1,2019-11-01 16:00,2
@娱乐大朋,,我要照顾你小仙女,0,2019-11-27 21:43,3
@陳鴻同學·,,吕昂胖多 吕昂胖多 吕昂胖多 吕昂胖多  吕昂胖多 吕昂胖多  吕昂胖多 吕昂胖多 吕昂胖多 吕昂胖多 吕昂胖多 吕昂胖多 吕昂胖多 吕昂胖多 吕昂胖多 吕昂胖多  吕昂胖多 吕昂胖多  吕昂胖多 吕昂胖多 吕昂胖多 吕昂胖多 吕昂胖多 吕昂胖多,0,2019-11-27 19:10,2
@Mogul佩恩,,好美,0,2019-11-02 21:41,2
@酒酿樱桃红cherry,,不帮李小璐澄清了？觉得你脸比马苏更疼吧,1,2019-11-01 16:00,2