User,Reter,Comment,Votes,Time,Count
@大猪蹄子研究所,,6 评论配图,1215,2019-10-09 16:28,180
@大猪蹄子研究所,,5 评论配图,868,2019-10-09 16:28,180
@大猪蹄子研究所,,11 评论配图,410,2019-10-09 16:29,180
@大猪蹄子研究所,,175 评论配图,386,2019-10-09 16:51,180
@大猪蹄子研究所,,176 评论配图,339,2019-10-09 16:51,180
@大猪蹄子研究所,,119 评论配图,318,2019-10-09 16:44,180
@大猪蹄子研究所,,1 评论配图,251,2019-10-09 16:27,180
@大猪蹄子研究所,,43 评论配图,258,2019-10-09 16:34,180
@大猪蹄子研究所,,42 评论配图,258,2019-10-09 16:34,180
@大猪蹄子研究所,,2 评论配图,216,2019-10-09 16:27,180
@大猪蹄子研究所,,3 评论配图,264,2019-10-09 16:27,180
@大猪蹄子研究所,,111 评论配图,196,2019-10-09 16:43,180
@大猪蹄子研究所,,4 评论配图,146,2019-10-09 16:27,180
@大猪蹄子研究所,,93 评论配图,188,2019-10-09 16:40,180
@大猪蹄子研究所,,71 评论配图,194,2019-10-09 16:37,180
@大猪蹄子研究所,,124 评论配图,158,2019-10-09 16:44,180
@大猪蹄子研究所,,59 评论配图,139,2019-10-09 16:36,180
@大猪蹄子研究所,,37 评论配图,109,2019-10-09 16:33,180
@大猪蹄子研究所,,177 评论配图,117,2019-10-09 16:51,180
@大猪蹄子研究所,,174 评论配图,74,2019-10-09 16:51,180
@大猪蹄子研究所,,134 评论配图,111,2019-10-09 16:46,180
@大猪蹄子研究所,,49 评论配图,107,2019-10-09 16:34,180
@大猪蹄子研究所,,172 评论配图,66,2019-10-09 16:51,180
@大猪蹄子研究所,,55 评论配图,93,2019-10-09 16:35,180
@大猪蹄子研究所,,87 评论配图,71,2019-10-09 16:39,180
@大猪蹄子研究所,,7 评论配图,76,2019-10-09 16:28,180
@大猪蹄子研究所,,180 评论配图,56,2019-10-09 16:52,180
@大猪蹄子研究所,,179 评论配图,55,2019-10-09 16:51,180
@大猪蹄子研究所,,126 评论配图,68,2019-10-09 16:45,180
@大猪蹄子研究所,,13 评论配图,48,2019-10-09 16:29,180
@大猪蹄子研究所,,170 评论配图,57,2019-10-09 16:50,180
@大猪蹄子研究所,,63 评论配图,46,2019-10-09 16:36,180
@大猪蹄子研究所,,123 评论配图,46,2019-10-09 16:44,180
@大猪蹄子研究所,,168 评论配图,49,2019-10-09 16:50,180
@大猪蹄子研究所,,136 评论配图,38,2019-10-09 16:46,180
@大猪蹄子研究所,,118 评论配图,47,2019-10-09 16:43,180
@大猪蹄子研究所,,130 评论配图,38,2019-10-09 16:45,180
@大猪蹄子研究所,,121 评论配图,26,2019-10-09 16:44,180
@大猪蹄子研究所,,95 评论配图,47,2019-10-09 16:40,180
@大猪蹄子研究所,,178 评论配图,35,2019-10-09 16:51,180
@大猪蹄子研究所,,72 评论配图,33,2019-10-09 16:38,180
@大猪蹄子研究所,,133 评论配图,32,2019-10-09 16:46,180
@大猪蹄子研究所,,26 评论配图,31,2019-10-09 16:31,180
@大猪蹄子研究所,,51 评论配图,31,2019-10-09 16:35,180
@大猪蹄子研究所,,19 评论配图,27,2019-10-09 16:30,180
@大猪蹄子研究所,,142 评论配图,35,2019-10-09 16:47,180
@大猪蹄子研究所,,173 评论配图,25,2019-10-09 16:51,180
@大猪蹄子研究所,,163 评论配图,26,2019-10-09 16:49,180
@大猪蹄子研究所,,40 评论配图,39,2019-10-09 16:33,180
@大猪蹄子研究所,,23 评论配图,26,2019-10-09 16:31,180
@大猪蹄子研究所,,21 评论配图,28,2019-10-09 16:30,180
@大猪蹄子研究所,,160 评论配图,28,2019-10-09 16:49,180
@大猪蹄子研究所,,84 评论配图,29,2019-10-09 16:39,180
@大猪蹄子研究所,,52 评论配图,31,2019-10-09 16:35,180
@大猪蹄子研究所,,73 评论配图,26,2019-10-09 16:38,180
@大猪蹄子研究所,,154 评论配图,26,2019-10-09 16:48,180
@大猪蹄子研究所,,80 评论配图,29,2019-10-09 16:39,180
@大猪蹄子研究所,,33 评论配图,19,2019-10-09 16:32,180
@大猪蹄子研究所,,89 评论配图,21,2019-10-09 16:40,180
@大猪蹄子研究所,,144 评论配图,26,2019-10-09 16:47,180
@大猪蹄子研究所,,114 评论配图,18,2019-10-09 16:43,180
@大猪蹄子研究所,,122 评论配图,20,2019-10-09 16:44,180
@大猪蹄子研究所,,100 评论配图,19,2019-10-09 16:41,180
@大猪蹄子研究所,,24 评论配图,25,2019-10-09 16:31,180
@大猪蹄子研究所,,156 评论配图,20,2019-10-09 16:49,180
@大猪蹄子研究所,,132 评论配图,11,2019-10-09 16:45,180
@大猪蹄子研究所,,165 评论配图,22,2019-10-09 16:50,180
@大猪蹄子研究所,,137 评论配图,10,2019-10-09 16:46,180
@大猪蹄子研究所,,158 评论配图,13,2019-10-09 16:49,180
@大猪蹄子研究所,,30 评论配图,16,2019-10-09 16:32,180
@大猪蹄子研究所,,12 评论配图,15,2019-10-09 16:29,180
@大猪蹄子研究所,,83 评论配图,14,2019-10-09 16:39,180
@大猪蹄子研究所,,62 评论配图,22,2019-10-09 16:36,180
@大猪蹄子研究所,,103 评论配图,18,2019-10-09 16:41,180
@大猪蹄子研究所,,65 评论配图,16,2019-10-09 16:37,180
@大猪蹄子研究所,,18 评论配图,16,2019-10-09 16:30,180
@大猪蹄子研究所,,46 评论配图,14,2019-10-09 16:34,180
@大猪蹄子研究所,,167 评论配图,11,2019-10-09 16:50,180
@大猪蹄子研究所,,53 评论配图,21,2019-10-09 16:35,180
@大猪蹄子研究所,,74 评论配图,11,2019-10-09 16:38,180
@大猪蹄子研究所,,38 评论配图,13,2019-10-09 16:33,180
@大猪蹄子研究所,,171 评论配图,14,2019-10-09 16:50,180
@大猪蹄子研究所,,141 评论配图,15,2019-10-09 16:47,180
@大猪蹄子研究所,,125 评论配图,11,2019-10-09 16:44,180
@大猪蹄子研究所,,16 评论配图,14,2019-10-09 16:29,180
@大猪蹄子研究所,,60 评论配图,12,2019-10-09 16:36,180
@大猪蹄子研究所,,152 评论配图,16,2019-10-09 16:48,180
@大猪蹄子研究所,,135 评论配图,14,2019-10-09 16:46,180
@大猪蹄子研究所,,117 评论配图,10,2019-10-09 16:43,180
@大猪蹄子研究所,,64 评论配图,14,2019-10-09 16:37,180
@大猪蹄子研究所,,108 评论配图,11,2019-10-09 16:42,180
@大猪蹄子研究所,,41 评论配图,11,2019-10-09 16:33,180
@大猪蹄子研究所,,29 评论配图,12,2019-10-09 16:31,180
@大猪蹄子研究所,,138 评论配图,14,2019-10-09 16:46,180
@大猪蹄子研究所,,66 评论配图,10,2019-10-09 16:37,180
@大猪蹄子研究所,,116 评论配图,13,2019-10-09 16:43,180
@大猪蹄子研究所,,67 评论配图,10,2019-10-09 16:37,180
@大猪蹄子研究所,,169 评论配图,10,2019-10-09 16:50,180
@大猪蹄子研究所,,162 评论配图,8,2019-10-09 16:49,180
@大猪蹄子研究所,,115 评论配图,15,2019-10-09 16:43,180
@大猪蹄子研究所,,92 评论配图,12,2019-10-09 16:40,180
@大猪蹄子研究所,,120 评论配图,10,2019-10-09 16:44,180
@大猪蹄子研究所,,81 评论配图,8,2019-10-09 16:39,180
@大猪蹄子研究所,,35 评论配图,9,2019-10-09 16:32,180
@大猪蹄子研究所,,147 评论配图,11,2019-10-09 16:47,180
@大猪蹄子研究所,,36 评论配图,8,2019-10-09 16:33,180
@大猪蹄子研究所,,96 评论配图,6,2019-10-09 16:41,180
@大猪蹄子研究所,,76 评论配图,7,2019-10-09 16:38,180
@大猪蹄子研究所,,57 评论配图,8,2019-10-09 16:36,180
@大猪蹄子研究所,,34 评论配图,7,2019-10-09 16:32,180
@大猪蹄子研究所,,166 评论配图,7,2019-10-09 16:50,180
@大猪蹄子研究所,,110 评论配图,7,2019-10-09 16:42,180
@大猪蹄子研究所,,85 评论配图,6,2019-10-09 16:39,180
@大猪蹄子研究所,,25 评论配图,8,2019-10-09 16:31,180
@大猪蹄子研究所,,139 评论配图,10,2019-10-09 16:46,180
@大猪蹄子研究所,,97 评论配图,6,2019-10-09 16:41,180
@大猪蹄子研究所,,44 评论配图,6,2019-10-09 16:34,180
@大猪蹄子研究所,,75 评论配图,12,2019-10-09 16:38,180
@大猪蹄子研究所,,112 评论配图,6,2019-10-09 16:43,180
@大猪蹄子研究所,,91 评论配图,6,2019-10-09 16:40,180
@大猪蹄子研究所,,140 评论配图,6,2019-10-09 16:47,180
@大猪蹄子研究所,,90 评论配图,6,2019-10-09 16:40,180
@大猪蹄子研究所,,70 评论配图,7,2019-10-09 16:37,180
@大猪蹄子研究所,,61 评论配图,6,2019-10-09 16:36,180
@大猪蹄子研究所,,157 评论配图,3,2019-10-09 16:49,180
@大猪蹄子研究所,,131 评论配图,4,2019-10-09 16:45,180
@大猪蹄子研究所,,113 评论配图,7,2019-10-09 16:43,180
@大猪蹄子研究所,,159 评论配图,7,2019-10-09 16:49,180
@大猪蹄子研究所,,99 评论配图,6,2019-10-09 16:41,180
@大猪蹄子研究所,,145 评论配图,8,2019-10-09 16:47,180
@大猪蹄子研究所,,127 评论配图,7,2019-10-09 16:45,180
@大猪蹄子研究所,,106 评论配图,3,2019-10-09 16:42,180
@大猪蹄子研究所,,155 评论配图,6,2019-10-09 16:49,180
@大猪蹄子研究所,,146 评论配图,4,2019-10-09 16:47,180
@大猪蹄子研究所,,129 评论配图,4,2019-10-09 16:45,180
@大猪蹄子研究所,,102 评论配图,4,2019-10-09 16:41,180
@大猪蹄子研究所,,69 评论配图,3,2019-10-09 16:37,180
@大猪蹄子研究所,,32 评论配图,4,2019-10-09 16:32,180
@大猪蹄子研究所,,22 评论配图,5,2019-10-09 16:30,180
@大猪蹄子研究所,,105 评论配图,3,2019-10-09 16:42,180
@大猪蹄子研究所,,101 评论配图,4,2019-10-09 16:41,180
@大猪蹄子研究所,,9 评论配图,3,2019-10-09 16:28,180
@大猪蹄子研究所,,164 评论配图,2,2019-10-09 16:50,180
@大猪蹄子研究所,,77 评论配图,1,2019-10-09 16:38,180
@大猪蹄子研究所,,68 评论配图,5,2019-10-09 16:37,180
@大猪蹄子研究所,,56 评论配图,5,2019-10-09 16:35,180
@大猪蹄子研究所,,39 评论配图,4,2019-10-09 16:33,180
@大猪蹄子研究所,,15 评论配图,4,2019-10-09 16:29,180
@大猪蹄子研究所,,10 评论配图,2,2019-10-09 16:28,180
@大猪蹄子研究所,,150 评论配图,5,2019-10-09 16:48,180
@大猪蹄子研究所,,98 评论配图,7,2019-10-09 16:41,180
@大猪蹄子研究所,,17 评论配图,4,2019-10-09 16:30,180
@大猪蹄子研究所,,153 评论配图,4,2019-10-09 16:48,180
@大猪蹄子研究所,,151 评论配图,5,2019-10-09 16:48,180
@大猪蹄子研究所,,148 评论配图,3,2019-10-09 16:48,180
@大猪蹄子研究所,,109 评论配图,3,2019-10-09 16:42,180
@大猪蹄子研究所,,94 评论配图,3,2019-10-09 16:40,180
@大猪蹄子研究所,,82 评论配图,3,2019-10-09 16:39,180
@大猪蹄子研究所,,58 评论配图,6,2019-10-09 16:36,180
@大猪蹄子研究所,,54 评论配图,4,2019-10-09 16:35,180
@大猪蹄子研究所,,14 评论配图,6,2019-10-09 16:29,180
@大猪蹄子研究所,,8 评论配图,4,2019-10-09 16:28,180
@大猪蹄子研究所,,128 评论配图,2,2019-10-09 16:45,180
@大猪蹄子研究所,,86 评论配图,2,2019-10-09 16:39,180
@大猪蹄子研究所,,31 评论配图,3,2019-10-09 16:32,180
@大猪蹄子研究所,,28 评论配图,3,2019-10-09 16:31,180
@大猪蹄子研究所,,27 评论配图,2,2019-10-09 16:31,180
@大猪蹄子研究所,,161 评论配图,6,2019-10-09 16:49,180
@大猪蹄子研究所,,104 评论配图,1,2019-10-09 16:41,180
@大猪蹄子研究所,,88 评论配图,1,2019-10-09 16:40,180
@大猪蹄子研究所,,47 评论配图,1,2019-10-09 16:34,180
@大猪蹄子研究所,,20 评论配图,1,2019-10-09 16:30,180
@大猪蹄子研究所,,79 评论配图,1,2019-10-09 16:38,180
@大猪蹄子研究所,,78 评论配图,2,2019-10-09 16:38,180
@大猪蹄子研究所,,45 评论配图,2,2019-10-09 16:34,180
@大猪蹄子研究所,,149 评论配图,0,2019-10-09 16:48,180
@大猪蹄子研究所,,143 评论配图,1,2019-10-09 16:47,180
@大猪蹄子研究所,,107 评论配图,0,2019-10-09 16:42,180
@大猪蹄子研究所,,50 评论配图,0,2019-10-09 16:35,180
@大猪蹄子研究所,,48 评论配图,0,2019-10-09 16:34,180
@呀喂_kcal,,小新不可以么 评论配图,7,2019-10-09 18:36,1
@乌云饭团,,小樱 评论配图,7,2019-10-09 17:06,1
@W_Wei77,,@叫芋圆 你的头像,0,2019-10-09 17:19,1
@Luka柯离,,我好喜欢知世啊！,5,2019-10-09 18:01,1
@LionSuk,,@可爱国国王 都好可爱,0,2019-10-09 17:41,1
@Zeroiizes,,1 评论配图,4,2019-10-09 16:51,2
@爸爸的ID你都敢盗,,@林十二Yaki,0,2019-10-09 16:38,1
@嚼碎神明,,1 评论配图,3,2019-10-09 16:29,2
@喵喵喵喵不是一只喵,,你们要的情头 评论配图,6,2019-10-10 16:31,1
@嚼碎神明,,2 评论配图,4,2019-10-09 16:30,2
@湖南腔是很重又怎样,,up,2,2019-10-09 16:28,1
@小樱爱粉色,,！！我可以拥有姓名吗 评论配图,13,2019-10-09 18:57,2
@TiedAnt,,超级可爱的莓铃酱！！ 评论配图,2,2019-10-12 11:47,1
@Zeroiizes,,图片评论 评论配图,3,2019-10-09 16:51,2
@Amolalala,,@小小小曼琳,0,2019-10-09 17:11,1
@张小学霸,,图片评论 评论配图,1,2019-10-10 21:28,1
@你的可爱限定,,Sakura,2,2019-10-10 15:04,1
@青衿啊啊,,嘻嘻来早了,1,2019-10-09 16:28,1
@侯瑞臻,,等,1,2019-10-09 16:27,1
@老头今天早睡了吗_,,图片评论 评论配图,2,2019-10-09 22:51,1
@泡酸奶的柠檬茶,,求出水兵月一系列头像和背景,2,2019-10-09 18:54,1
@头戴容花花的miss张,,图片评论 评论配图,3,2019-10-09 16:35,1
@太胖了飞不起来辽,,永远别删好吗！！！！,3,2019-10-09 18:00,1
@今天脸又圆了吗-,,以前看的时候自己截的  到现在都没换  用的最久的头像了 评论配图,2,2019-10-10 09:24,1
@SaveM_,,图片评论 评论配图,3,2019-10-09 17:09,1
@这条街最靓的仔o,,@不知世间 嘻嘻 评论配图,2,2019-10-09 16:31,1
@李易峰賢妻,,情头都收了好几个了，一个跟我一起换的人都没有,1,2019-10-09 20:05,1
@馒_不住的肉肉,,介个 好可爱的 评论配图,6,2019-10-09 19:06,1
@草莓的快乐星球,,想要美少女战士的合集嘿嘿,2,2019-10-09 17:08,1
@AbsoluTely·,,太爱小樱了 每张都巨可爱,1,2019-10-09 17:08,1
@我喜欢舒克客啊,,我也是！！！！！ http://t.cn/AiutyTvz,1,2019-10-10 12:43,2
@我的肖战最可爱啦,,,2,2019-10-09 20:01,1
@CL-YCM,,图片评论 http://t.cn/Aiu4ULIw,1,2019-10-09 19:44,1
@快快乐乐dream妍,,图片评论 http://t.cn/Aiu4zcw5,1,2019-10-09 19:25,1
@ZengYanooo,,我太爱您了,0,2019-10-09 17:36,1
@姬木容,,图片评论 http://t.cn/AiuU5mDD,1,2019-10-09 16:58,1
@TinnyFLY,,图片评论 http://t.cn/AiuUqEBx,1,2019-10-09 16:55,1
@神乐的小金鱼,,留着慢慢换,0,2019-11-03 10:24,1
@啵啵奶茶超赞,,1,0,2019-11-02 11:04,1
@查理布朗本朗,,我真的好喜欢百变小樱,0,2019-10-16 11:55,1
@季白之廿一,,马,0,2019-10-12 11:31,1
@Zzzzz-ml,,,0,2019-10-10 21:55,3
@我最讨厌花生了,,@雯子七,0,2019-10-10 16:43,1
@吃饱了不消化,,@Swinney· 哈哈哈哈我天天圈你这些,0,2019-10-10 08:57,1
@邮一颗草莓给畅畅,,图片评论 评论配图,0,2019-10-10 00:04,1
@笑一百年吧,,天啊我好喜欢,0,2019-10-09 23:26,1
@Zzzzz-ml,,,0,2019-10-09 22:29,3
@我深爱着不再寂寞的星星,,可爱的小樱～～,0,2019-10-09 19:29,1
@-赞夭夭-,,@林远夏呀,0,2019-10-09 19:13,1
@安-哈特菲利雅,,我QQ头像 评论配图,0,2019-10-09 19:12,1
@废·话·超·多,,当然是我们才没有被讨厌的义勇兄 评论配图,0,2019-10-09 19:11,1
@看见我请叫我瘦子,,码,0,2019-10-09 19:02,1
@一谦一烊,,啊啊啊啊啊啊啊我来了最喜欢小樱了,2,2019-10-09 18:59,1
@JessicaLeeeeeeeesss,,@我偷吃了你的薯片,0,2019-10-09 17:59,1
@·乐桃桃·,,m,0,2019-10-09 17:50,1
@Min的闽,,我爱雪兔哥哥！！！ 评论配图,0,2019-10-09 17:43,1
@颜笙浅曦,,好喜欢哇,0,2019-10-09 17:42,1
@迢迢心事,,@阿清的窗,0,2019-10-09 17:42,1
@朱元彬_Key,,@春困秋乏钒大仙 搞一对?,0,2019-10-09 17:34,1
@姑苏懒氏,,头像！！！马了,0,2019-10-09 17:34,1
@准备改个名l,,@渠县刘亦菲 来来来,0,2019-10-09 17:21,1
@小肉包白白,,@福尔马林泡爽 小可快来！,0,2019-10-09 17:21,1
@顾嘉蓝,,啊啊啊啊啊好可爱,0,2019-10-09 17:15,1
@春日限定可爱鬼,,@为什么不去问问神奇的远远呢,0,2019-10-09 17:11,1
@乌冬乌冬精,,@Athy_阿然然,0,2019-10-09 17:11,1
@石原边边子,,看俺头像！,0,2019-10-09 17:09,1
@吉吉桔梗-,,图片评论 评论配图,1,2019-10-09 17:01,1
@一颗小小的树呀,,没法发图片呜呜呜,0,2019-10-09 17:01,1
@_南海BLUE,,嗨呀,0,2019-10-09 16:59,1
@安柠会看脸,,我不知好歹一厢情愿喜欢了你这么久，走了连一句再见也没有。,0,2019-10-09 16:56,1
@林无涩errrr,,害 我每每看都好想吃里面的点心……,0,2019-10-09 16:55,1
@青茶木,,我来了！,0,2019-10-09 16:51,1
@莓莓圆子,,蹲,0,2019-10-09 16:41,1
@你是我做过最好的梦,,图片评论 评论配图,0,2019-10-09 16:38,1
@珈珈·oo·,,@粉底大人,0,2019-10-09 16:38,1
@Aurora-hyh,,马,0,2019-10-09 16:36,1
@宝贝混子,,啊啊啊啊啊好喜欢！！！,0,2019-10-09 16:34,1
@你碰到我触角了,,@一阿银大魔王一,0,2019-10-09 16:32,1
@七加七加七,,来了!!,0,2019-10-09 16:29,1
@大靚er,,第一,0,2019-10-09 16:27,1
@共享烧烤,,Twitter上一个画手画的EXO 评论配图,3,2019-10-09 20:26,1
@真的吃不胖胖啊,,什么时候来个犬夜叉头像合集 我永远最爱犬夜叉,2,2019-10-09 19:52,1
@长脸怪刘大悲,,路飞 评论配图,2,2019-10-09 19:13,1
@小樱爱粉色,,这个！我超爱！！ 评论配图,3,2019-10-09 18:50,2
@杨泱泱啊,,贴吧用了好久了！ 评论配图,2,2019-10-09 18:36,1
@娇憨ev,,无惨,2,2019-10-09 18:31,1
@名侦探柯南原图集,,名侦探柯南,1,2019-10-10 09:48,1
@满满爱吃绿豆糕,,哈尔真的太戳啦 评论配图,1,2019-10-10 02:29,1
@高渐离的迷妹,,非他莫属,1,2019-10-09 23:30,1
@Zzzzz-ml,,图片评论 评论配图,1,2019-10-09 22:24,3
@Oh給我妳的心,,图片评论 评论配图,1,2019-10-09 22:09,1
@月岛雯今天能吃火锅了吗,,啊啊啊啊我月岛不服输！！！！ 评论配图,1,2019-10-09 20:28,2
@LittleBeauty000,,来了来了,1,2019-10-09 20:16,1
@一个人活成千军万马,,喜欢这个 评论配图,1,2019-10-09 19:59,2
@小顾同学在努力,,图片评论 评论配图,1,2019-10-09 19:54,1
@小混沌的你,,我这个,1,2019-10-09 19:50,2
@这是你佳大爷,,妖娆中的一丝可爱 评论配图,1,2019-10-09 19:31,1
@Dilaramim·,,图片评论 评论配图,1,2019-10-09 18:59,1
@小鹿软萌且乖,,介个 评论配图,1,2019-10-09 18:53,1
@Sanctuary·Axe,,漩涡鸣人！,1,2019-10-09 18:44,1
@动漫头像,,听说你们喜欢我？,1,2019-10-09 18:30,1
@木本雪乃,,五更琉璃,1,2019-10-09 18:27,2
@沙雕女孩9927,,我来了 评论配图,1,2019-10-09 18:12,1