User,Reter,Comment,Votes,Time,Count
@顾一韬TrevorGoo,,图片评论 评论配图,9371,2019-09-04 10:24,1
@EEEvening__,,什么水平 评论配图,4777,2019-09-04 10:19,1
@如果你还在就好了zx,,疫苗期间不能洗澡的小毛孩儿 评论配图,4012,2019-09-04 10:32,1
@原夕DolceVita,,,2643,2019-09-04 10:19,1
@老狼老狼几点钟oO,,困成海豹 评论配图,2326,2019-09-04 10:23,1
@我的女神正在煮饭_,,都是别人家的，,2164,2019-09-04 10:19,1
@阿拉灯杀手,,图片评论 评论配图,2159,2019-09-04 10:22,1
@奶茶多加点茶,,各位网友 吓到不负责奥,2079,2019-09-04 10:21,1
@只看小葡萄,,是时候拿出这个图了,1785,2019-09-04 10:55,1
@小羊弟弟99,,,1499,2019-09-04 10:24,1
@诉离葵,,祭出我的压箱底照片啦 评论配图,1013,2019-09-04 10:30,1
@顏值bug,,图片评论 评论配图,910,2019-09-04 10:27,1
@草莓牛奶耶_,,给大家看看我家的这个猪 评论配图,637,2019-09-04 10:31,1
@沉迷我ice我na也没日渐消瘦,,图片评论 评论配图,463,2019-09-04 10:19,1
@鹿儿团团,,哈哈哈哈哈哈哈哈哈哈哈想到了这张图 评论配图,517,2019-09-04 12:10,2
@小毛豆5147,,图片评论 评论配图,378,2019-09-04 10:23,2
@芒果蜜桃_,,大家好 评论配图,365,2019-09-04 12:05,1
@化妆师-田晔,,图片评论 评论配图,304,2019-09-04 10:19,1
@王戴维,,图片评论 评论配图,175,2019-09-04 10:19,1
@xxxidyw,,图片评论 评论配图,251,2019-09-04 12:26,1
@快乐三四,,可爱~ 评论配图,159,2019-09-04 10:23,1
@宇宙最凶的肥猫,,图片评论 评论配图,133,2019-09-04 10:19,1
@大大大胡子胡,,图片评论 评论配图,153,2019-09-04 11:25,1
@babyniel,,图片评论 评论配图,123,2019-09-04 10:21,1
@daaaaapiii,,,147,2019-09-04 11:55,1
@Halley余,,图片评论 评论配图,126,2019-09-04 10:25,1
@不尝酒哈,,图片评论 评论配图,122,2019-09-04 12:11,1
@喔我尝着你话里面的奶油溜啊溜,,冠军已被rua预定 评论配图,122,2019-09-04 12:11,1
@睡了又醒了,,我来了,147,2019-09-04 12:55,1
@Dsiren,,图片评论 评论配图,69,2019-09-04 10:55,1
@什么童·,,圖片評論 评论配图,56,2019-09-04 10:18,1
@云烟成雨-0,,土豆请战,75,2019-09-04 12:05,1
@ViViVi_Vicky,,舔到模糊 评论配图,77,2019-09-04 12:11,1
@Head宝,,来了来了 评论配图,39,2019-09-04 12:43,1
@喝茉香奶茶的猴子,,我赢了 评论配图,43,2019-09-04 12:10,1
@Knswxdyl,,压箱底的来了 评论配图,39,2019-09-04 12:05,1
@william魏力,,图片评论 评论配图,35,2019-09-04 12:11,1
@swag塔塔君,,图片评论 评论配图,23,2019-09-04 11:54,1
@灵叡,,图片评论 评论配图,27,2019-09-04 12:55,1
@靜蚊陳,,生气气！ 评论配图,19,2019-09-04 14:10,1
@是芹菜不是香菜,,图片评论 评论配图,4,2019-09-04 16:29,1
@清瑶疏影,,图片评论 评论配图,1,2019-09-05 01:31,1
@来自彼岸的小天使,,图片评论 评论配图,247,2019-09-04 11:25,1
@Madeleine_94,,,40,2019-09-04 12:26,1
@HWEIJIE-,,端午家的 评论配图,469,2019-09-04 10:18,1
@海盐味饭,,我又来了！ 评论配图,222,2019-09-04 10:19,1
@肖宁,,图片评论 评论配图,228,2019-09-04 10:19,8
@肖宁,,像不像杰伦,166,2019-09-04 10:20,8
@道貌岸然的蜻蜓队长,,图片评论 评论配图,116,2019-09-04 10:31,1
@戴着帽子吃火锅,,骨骼轻奇 评论配图,113,2019-09-04 10:23,1
@chnyahg,,图片评论 评论配图,54,2019-09-04 10:17,1
@天上的夜亮好严啊,,图片评论 评论配图,97,2019-09-04 10:18,1
@鬼谷孖子,,……我朋友说是奥特曼 评论配图,86,2019-09-04 10:17,1
@我还没有爱够可爱的事情,,我没有宠物  再见,72,2019-09-04 10:17,1
@线味,,在吗？看看鸡 评论配图,61,2019-09-04 10:17,1
@尹政酱,,图片评论 评论配图,61,2019-09-04 10:17,1
@天天天要上天,,偷偷纹眉的芋圆@芋圆吃饱没 评论配图,58,2019-09-04 10:18,1
@HOTPINKHOT_,,当我打开监控… 评论配图,70,2019-09-04 10:19,3
@我的法斗叫多多,,图片评论 评论配图,65,2019-09-04 10:25,1
@林东宁,,这个吧 评论配图,62,2019-09-04 10:18,10
@王国凤女士,,我朋友说这张像他爸 评论配图,44,2019-09-04 10:18,1
@是白晶晶,,跟我招手算吗？ 评论配图,49,2019-09-04 11:16,1
@一圆野美,,图片评论 评论配图,24,2019-09-04 10:17,1
@改个昵称就没人认识我了,,图片评论 评论配图,39,2019-09-04 10:20,1
@貔卡卡,,被蜜蜂叮了个大包 评论配图,48,2019-09-04 10:18,1
@哎呦喂呀L,,圖片評論 评论配图,37,2019-09-04 10:18,1
@Kepooooo-,,图片评论 评论配图,34,2019-09-04 10:21,1
@Sy__000,,图片评论 评论配图,41,2019-09-04 10:18,1
@散步的老干部,,图片评论 评论配图,25,2019-09-04 10:17,1
@于不慌,,图片评论 评论配图,36,2019-09-04 10:19,1
@剁椒皮皮,,注意，这是只银狐 评论配图,31,2019-09-04 10:18,1
@相生栗子,,嘿嘿 查看图片,22,2019-09-04 12:12,1
@HOTPINKHOT_,,在吗 在干嘛？！ 评论配图,23,2019-09-04 10:18,3
@厉小小小小羽,,图片评论 评论配图,12,2019-09-04 10:17,1
@精神分裂的樱桃患者,,Comment with pics 评论配图,11,2019-09-04 10:18,1
@Oops钢蛋儿,,我家小混蛋,17,2019-09-04 10:17,1
@温柔的李2狗,,背着我偷偷报了瑜伽班 评论配图,23,2019-09-04 10:34,1
@又岂在朝朝暮暮呢,,我带着妹妹来参赛了,12,2019-09-04 10:20,1
@丶雯哥soso,,,22,2019-09-04 11:40,1
@Mr_John浩,,图片评论 评论配图,18,2019-09-04 10:25,1
@猪bb的小宝贝,,图片评论 评论配图,18,2019-09-04 10:18,1
@一头张小喵,,这个 评论配图,17,2019-09-04 11:37,5
@程怼怼a,,哈哈哈，我就放可爱的小猫咪,14,2019-09-04 10:58,1
@众生草木不见青山,,我已经看吐了 评论配图,9,2019-09-04 10:18,1
@王亚半边天,,害！ 评论配图,10,2019-09-04 10:23,1
@彭于晏甜甜,,我来了 评论配图,8,2019-09-04 10:22,1
@每天只吃一口肉,,我家猫必须有姓名！！！ 评论配图,10,2019-09-04 10:19,1
@阿阿杜June,,被大蚂蜂蛰肿脸的需要安慰！！ 评论配图,10,2019-09-04 13:31,1
@iBingo,,啊哈哈 评论配图,13,2019-09-04 12:52,12
@小羊崽崽-,,不太聪明[費解] 评论配图,10,2019-09-04 10:49,1
@甜到你呀,,@海盐味饭 进来参赛！！！,1,2019-09-04 10:17,1
@大然然是不是秃子的喵,,只有仓鼠，名叫线线 评论配图,12,2019-09-04 10:22,1
@XwuSxx,,看到了一只…金灿灿的猪？ 评论配图,11,2019-09-04 10:29,2
@mei美miao苗,,兔叽 评论配图,7,2019-09-04 10:22,1
@kaliakk,,如何 评论配图,6,2019-09-04 10:40,1
@这里是晓鸥阿,,图片评论 评论配图,8,2019-09-04 10:18,1
@冰镇脑咂,,图片评论 评论配图,6,2019-09-04 10:17,1
@风筝与风,,图片评论 评论配图,5,2019-09-04 10:26,1
@HOTPINKHOT_,,给亲一个吧 评论配图,9,2019-09-04 10:20,3
@奔跑的蜗牛93425,,图片评论 评论配图,6,2019-09-04 10:17,1
@_加百列__,,可以吗 评论配图,6,2019-09-04 10:28,1
@爱国敬业诚信友善的良好热心市民,,,4,2019-09-04 10:18,1
@lastmere,,图片评论 评论配图,6,2019-09-04 12:52,1
@啊灿烂呀,,坐着的时候亭亭玉立，一躺下睡觉形象全无，哪里有个小姑娘的样子！ 评论配图,7,2019-09-04 10:39,1
@一只然然w,,一张合影，满脸写着开心 评论配图,9,2019-09-04 10:18,1
@一头张小喵,,这个这个 评论配图,7,2019-09-04 11:37,5
@Jasmine_祺,,我家的 还是只布偶,7,2019-09-04 11:52,1
@铛铛不高兴_zZ,,哥斯拉！！ 评论配图,7,2019-09-04 11:25,1
@XwuSxx,,我发誓能做出这种表情的猫 不超过一只手！ 评论配图,8,2019-09-04 10:37,2
@刘小小政,,老铁  借个火儿 评论配图,8,2019-09-04 10:34,2
@哥不想失眠,,不怕端午挠你么,5,2019-09-04 10:17,1
@puzzle花卷yu,,睡醒了把头伸出来后.jpg 评论配图,6,2019-09-04 12:51,1
@Hogwarts_nanami,,带狗去办身份证的时候哈哈哈哈哈哈哈哈哈哈 评论配图,5,2019-09-04 12:45,1
@小毛豆5147,,图片评论 评论配图,4,2019-09-04 10:18,2
@多肉的奶糕,,我太有发言权了！ 评论配图,4,2019-09-04 14:22,1
@so_lac,,哈哈哈哈哈 评论配图,7,2019-09-04 12:43,1
@安旎AnniC,,图片评论 评论配图,4,2019-09-04 10:35,1
@很不擅长坚持选手,,什么水平？ 评论配图,4,2019-09-04 10:23,1
@嘎巴巴嘎巴了嘎嘎了巴爬爬公主,,没有，坐等,1,2019-09-04 10:17,1
@痴迷啊痴迷,,宝里宝气富贵人家的狗子,5,2019-09-04 12:25,1
@我还有几次改名字的机会,,我真的不想洗澡 评论配图,5,2019-09-04 14:04,3
@39超甜的,,暑假时陪我去打针，等到睡着哈哈哈哈哈 评论配图,7,2019-09-04 10:32,1
@翔翔吃软不吃硬,,实拍 评论配图,5,2019-09-04 11:40,1
@Angel_2落,,前晚上看中国男篮…就这样了,6,2019-09-04 10:53,1
@locoxi-,,不过如此 http://t.cn/AiRCILl4,6,2019-09-04 10:28,1
@困困猫猫猫,,图片评论 http://t.cn/AiRCfO6s,6,2019-09-04 10:27,1
@MagicMirror斯芬克斯无毛猫舍,,屌屌的样子 http://t.cn/AiR04qj9,3,2019-09-04 16:01,1
@晚之风,,我妈拍的 这啥啊,4,2019-09-04 13:25,1
@shun粹想扑你,,人工立耳 http://t.cn/AiRNRS7s,3,2019-09-04 12:50,1
@什么时候能脱非鸭,,瞅你咋地 http://t.cn/AiRCdHxw,3,2019-09-04 11:14,1
@高配低圆圆,,谁与争锋 http://t.cn/AiRCazWb,3,2019-09-04 10:38,1
@儒此迷恋就是北京菲菲,,被剃了毛不高兴 http://t.cn/AiRCxndL,3,2019-09-04 10:32,2
@Baek甜甜酱,,我没宠物,3,2019-09-04 10:28,1
@雪地里的折耳猫,,神奇动物在哪里 http://t.cn/AiRCIcU6,5,2019-09-04 10:28,1
@不需要你讲故事,,擦眼泪后我朋友说他像个小老头 http://t.cn/AiRCtJiZ,3,2019-09-04 10:22,1
@帕克的小日子,,,6,2019-09-04 10:17,1
@hedgehogDaddy_S,,我有个m可以发出来吗？,3,2019-09-04 10:17,1
@康康不做坏脾气,,抬头看我 http://t.cn/AiRN38W3,4,2019-09-04 13:04,1
@Dongxxxyu,,可以吗 http://t.cn/AiRCChW2,4,2019-09-04 10:44,1
@铁憨憨他妹妹,,图片评论 http://t.cn/AiR0NwTs,3,2019-09-04 16:29,1
@pipedream白日梦,,图片评论 http://t.cn/AiRNsMgJ,3,2019-09-04 13:28,1
@-荔枝玫瑰气泡水,,图片评论 http://t.cn/AiRNnQVN,3,2019-09-04 12:56,1
@鲶鱼崽,,,3,2019-09-04 12:34,1
@三炎_,,走！ http://t.cn/AiRNW6Oj,3,2019-09-04 12:30,1
@你的大O_o明亮又闪烁,,不是我的不是我的 是我收藏的别人家的,5,2019-09-04 11:49,3
@是統彤呀,,还挺吓人 http://t.cn/AiRpbhUK,2,2019-09-04 14:00,1
@我有狗了啥时候能有猫,,哼,2,2019-09-04 14:25,2
@蔡文姬,,维多请求参赛 查看图片,2,2019-09-04 12:05,1
@甜甜甜甜薇,,我朋友家的大鼻孔猫 h哈哈哈哈哈哈 评论配图,2,2019-09-04 11:50,1
@Puuunnny,,来对地方了哈哈哈 评论配图,2,2019-09-04 11:42,1
@刘小小政,,落汤鸡  了解一下 评论配图,5,2019-09-04 10:37,2
@HIRUOO,,前来参赛,3,2019-09-04 10:39,1
@有希有希有希有,,图片评论 评论配图,1,2019-09-04 10:21,1
@HolyAri,,来了 评论配图,2,2019-09-04 16:40,1
@有猫病的Cc酱,,血盆大口 评论配图,2,2019-09-04 12:56,1
@爱leehom的菲子,,能康康他嘛？ 评论配图,5,2019-09-04 11:48,1
@善良博主,,图片评论 评论配图,4,2019-09-04 11:31,1
@七个芒果和一个烤面包的Ritaa,,哈哈哈哈哈哈哈哈哈我不是故意的 评论配图,2,2019-09-04 10:40,1
@小王同学很暴躁,,睡觉姿势及其销魂 评论配图,2,2019-09-04 10:38,1
@慕染_早睡早起做个仙女,,图片评论 评论配图,2,2019-09-04 10:38,1
@玥八w,,来晚了 哈哈哈哈哈哈哈哈 评论配图,4,2019-09-04 10:36,1
@孟嘉璐璐璐璐,,Comment with pics 评论配图,3,2019-09-04 13:28,1
@T巫婆的红筷子,,这个？ 评论配图,4,2019-09-04 12:30,1
@吃瓜群众灬语语语丶,,能猜出我抱了个什么东西？,3,2019-09-04 12:19,1
@一只三级甲,,图片评论 评论配图,2,2019-09-04 10:17,1
@Tori宝宝,,图片评论 评论配图,2,2019-09-04 15:10,1
@蛋黄咸人,,图片评论 评论配图,2,2019-09-04 13:46,1
@阿炳心里亮,,,2,2019-09-04 13:36,1
@饲养员桃子小姐,,,2,2019-09-04 13:24,1
@浣僮南下,,这个不能认输 评论配图,2,2019-09-04 13:21,1
@孫·小花,,睡懵了,2,2019-09-04 13:14,1
@是雨薇呀,,最近得了猫藓 评论配图,2,2019-09-04 13:03,1
@可归老山川-,,这玩意儿凶的要命 评论配图,2,2019-09-04 13:03,1
@出门原地打滚,,图片评论 评论配图,2,2019-09-04 13:03,1
@Amwmw-,,可不可 评论配图,2,2019-09-04 12:59,1
@ZZWang-,,图片评论 评论配图,2,2019-09-04 12:56,1
@麻生涵,,哈哈哈哈哈哈哈哈哈好像要呕的样子 评论配图,2,2019-09-04 12:37,1
@Messy_lady,,@papamun 来参赛,1,2019-09-04 10:17,1
@AA-Value,,呐 评论配图,1,2019-09-10 15:00,1
@趣味多yy,,,1,2019-09-07 19:07,1
@努力治病,,我男朋友把一只短袜套在了我儿脑门上,1,2019-09-06 08:17,1
@-几块小饼干,,熟睡的兔仔 评论配图,1,2019-09-06 01:14,1
@Baozu_,,必须拥有姓名 评论配图,1,2019-09-05 08:13,1
@最喜欢夏天了呀,,图片评论 评论配图,1,2019-09-05 03:29,1
@Sylvvviaaa,,呵呵 评论配图,1,2019-09-05 03:00,1
@GodzillaBaby_,,图片评论 评论配图,1,2019-09-05 01:48,1
@eyeseyeseyeseyes,,一次意外的偶遇抓拍 评论配图,1,2019-09-05 01:48,1
@吃两口怎么了,,方方正正,1,2019-09-05 01:17,1
@超超大人9,,,1,2019-09-04 19:37,1
@_alittleberry_,,来了 评论配图,1,2019-09-04 19:14,1
@一块奔跑的肉条子,,兄弟姐妹！求赞,1,2019-09-04 18:57,1
@一大只粽子,,我觉得可以参赛 评论配图,1,2019-09-04 18:49,1
@曼基康小矮橘,,图片评论 评论配图,1,2019-09-04 18:42,1
@_锅锅不虎,,我家的狗被我妈亲自修毛 像乌鸡哈哈哈哈哈哈哈 评论配图,2,2019-09-04 18:23,1
@YS_申,,我们哈尔来迟了,1,2019-09-04 18:16,1
@小林要自律啊,,睡醒了 评论配图,1,2019-09-04 17:47,1
@Slytherin突然拍腿说道,,室友拜托我投她家黑姐,1,2019-09-04 17:31,1
@Jeopardize-zy,,图片评论 评论配图,1,2019-09-04 17:30,1
@图图-Stuart,,图片评论 评论配图,2,2019-09-04 17:25,1
@张思琪-w-,,嘿嘿嘿 评论配图,1,2019-09-04 17:16,1
@懒懒的小苍蝇,,,1,2019-09-04 17:15,1
@傻子狗音,,大爷 评论配图,1,2019-09-04 17:08,1
@李思蓝叫大王,,图片评论 评论配图,1,2019-09-04 16:56,1
@小姜今天也很厉害,,图片评论 评论配图,1,2019-09-04 16:52,1
@王一博你为什么这么帅,,放心，没死 评论配图,1,2019-09-04 16:44,1
@奇果的马屁精大仙,,,1,2019-09-04 16:41,1
@不愿透漏性别的张嬢嬢,,我家土豆配拥有姓名么 评论配图,1,2019-09-04 16:29,1
@或许你喜欢旮旯吗,,图片评论 评论配图,1,2019-09-04 16:26,1
@森屿岛的橘子,,随便一张都是臭的 评论配图,1,2019-09-04 16:23,1
@墨染30,,,1,2019-09-04 16:20,1
@一条臭han鱼,,？ 评论配图,1,2019-09-04 16:14,1
@鸡腿子肉姥姥,,嗨 我来啦 评论配图,1,2019-09-04 16:13,1
@董雨濛,,必须有我们！ 评论配图,1,2019-09-04 16:12,1
@Aaron_NGG,,对不起我来晚了！ 评论配图,1,2019-09-04 16:08,1
@高玩一,,抱歉来晚了 评论配图,1,2019-09-04 16:07,1
@热心网友小呼,,图片评论 评论配图,1,2019-09-04 16:06,1
@我才是兔兔呢,,大概就是这样吧 评论配图,1,2019-09-04 16:04,1
@Zm_amor,,我的漂亮小狗狗去哪了？？？？？ 评论配图,1,2019-09-04 16:03,1
@92x-,,一个小流浪 评论配图,1,2019-09-04 16:01,1
@urhalo_,,我家刚洗完澡还没擦干的八月.... 评论配图,1,2019-09-04 16:00,1
@lebenwinee,,长得些许猥琐,1,2019-09-04 15:57,1
@忞暮野,,恶犬咆哮 评论配图,1,2019-09-04 15:56,1
@-柴犬毛豆-,,有点晚了,1,2019-09-04 15:48,1
@隔壁家_Rabbit_,,沐浴后的她,1,2019-09-04 15:46,1
@欧皇附体kki,,哈哈哈哈哈哈哈哈哈哈 评论配图,1,2019-09-04 15:35,1
@我想偷全世界的云,,哈哈哈哈 评论配图,1,2019-09-04 15:35,1
@zhsiicong,,图片评论 评论配图,1,2019-09-04 15:30,1
@丸全壳以yu,,图片评论 评论配图,1,2019-09-04 15:25,2
@丸全壳以yu,,变成海豹 评论配图,1,2019-09-04 15:25,2
@枸杞冰糖加菊花,,图片评论 评论配图,1,2019-09-04 15:19,1
@是酸奶的蛋卷啊,,图片评论 评论配图,1,2019-09-04 15:16,1
@欧皇北北,,图片评论 评论配图,1,2019-09-04 15:15,1
@久栗酱,,狗子 对不起了 评论配图,1,2019-09-04 15:14,1
@开火车的男人wu,,图片评论 评论配图,1,2019-09-04 15:11,1
@anneManual,,我就不信你们能看出来这是只猫,1,2019-09-04 15:09,1
@xie谢谢_,,图片评论 评论配图,2,2019-09-04 15:08,1
@大福好吃吗,,我觉得我可以参加,1,2019-09-04 15:06,1
@嗨皮豆-,,图片评论 评论配图,1,2019-09-04 15:05,1
@好好存钱认真吃饭,,配合你拍照！永不可能！ 评论配图,1,2019-09-04 14:58,1
@莉莉lilis,,图片评论 评论配图,1,2019-09-04 14:54,1
@维纳双,,来了来了它来了 评论配图,1,2019-09-04 14:53,1
@木与尼,,这是我家老二,1,2019-09-04 14:39,3
@木与尼,,这是我家老四 评论配图,1,2019-09-04 14:37,3
@HhKInDleSS,,休想拍清老子 评论配图,1,2019-09-04 14:35,1
@木与尼,,将就看吧 评论配图,1,2019-09-04 14:35,3
@Sherry-em,,毒液??? 评论配图,2,2019-09-04 14:31,1
@嘿嘿鱼蛋的大黑,,那天给她带了个小王冠，看起来不太聪明的亚子,1,2019-09-04 14:29,1
@是一颗小毛桃儿,,图片评论 评论配图,2,2019-09-04 14:16,1
@智慧姐姐o,,圖片評論 评论配图,1,2019-09-04 14:14,1
@77i逛吃,,我的猫,1,2019-09-04 14:07,1
@我还有几次改名字的机会,,当我拿起指甲刀 评论配图,1,2019-09-04 14:04,3
@我还有几次改名字的机会,,QQ肠 评论配图,1,2019-09-04 14:03,3
@奶油泡芙_甜甜圈,,这么一比 我输了,1,2019-09-04 13:58,1
@妙龄童阿,,睡觉睡一半被我叫起来，不情不愿的脸还睡歪了 评论配图,1,2019-11-28 12:37,2
@ZHANGWAChen,,图片评论 评论配图,0,2019-11-24 00:16,2
@hii麻酱,,绝美 评论配图,0,2019-10-30 05:44,2
@万能小哈_,,我会是冠军吧 评论配图,0,2019-10-18 20:39,2
@故事你真的在听么via,,i,0,2019-10-14 22:22,2
@糖醣子,,@朱一龙小甜妻鸭,0,2019-10-14 21:02,2
@叽里个呱啦-,,能上吗,0,2019-10-14 18:04,2
@粥粥一粥,,看看？ 评论配图,0,2019-10-10 19:30,2
@谦谦不知道,,呵呵 评论配图,0,2019-10-07 19:07,2
@妙龄童阿,,睡觉睡一半被我叫起来，不情不愿的脸还睡歪了 评论配图,1,2019-11-28 12:37,2
@ZHANGWAChen,,图片评论 评论配图,0,2019-11-24 00:16,2
@hii麻酱,,绝美 评论配图,0,2019-10-30 05:44,2
@万能小哈_,,我会是冠军吧 评论配图,0,2019-10-18 20:39,2
@故事你真的在听么via,,i,0,2019-10-14 22:22,2
@糖醣子,,@朱一龙小甜妻鸭,0,2019-10-14 21:02,2
@叽里个呱啦-,,能上吗,0,2019-10-14 18:04,2
@粥粥一粥,,看看？ 评论配图,0,2019-10-10 19:30,2
@谦谦不知道,,呵呵 评论配图,0,2019-10-07 19:07,2
@洛雪_yuki,,带我姐家猫绝育挂水 评论配图,0,2019-10-06 19:30,1